$ 1 5.0E-6 10.20027730826997 56 5.0 50
165 288 160 400 160 0 5.0
R 352 128 272 128 0 0 40.0 5.0 0.0 0.0 0.5
O 352 64 416 64 0
w 288 288 288 256 0
w 288 256 272 256 0
w 272 256 240 256 0
c 240 256 240 352 0 4.7E-5 2.5008153900935723
g 240 352 240 368 0
c 352 320 352 352 0 1.0E-5 3.3333333333264252
g 352 352 352 368 0
r 352 128 352 64 0 10000.0
w 352 64 240 64 0
w 240 64 240 192 0
w 240 192 288 192 0
w 416 224 464 224 0
w 464 224 464 400 0
w 464 400 288 400 0
r 288 400 288 288 0 560.0
o 2 64 0 42 5.0 9.765625E-5 0 -1
