$ 1 5.0E-6 10.20027730826997 56 5.0 50
165 304 48 416 48 0 0.0
g 96 320 96 336 0
R 368 16 288 16 0 0 40.0 5.0 0.0 0.0 0.5
O 432 112 496 112 0
c 96 320 96 288 0 1.0E-5 -4.445530576837265
w 96 288 128 288 0
r 128 288 128 240 0 1000.0
w 96 240 128 240 0
w 160 240 192 240 0
r 192 288 192 240 0 1000.0
w 160 288 192 288 0
c 160 320 160 288 0 1.0E-5 1.302577324258573
g 160 320 160 336 0
w 192 240 432 240 0
w 432 240 432 112 0
w 160 240 128 240 0
w 192 288 304 288 0
w 304 288 304 176 0
w 96 288 80 288 0
w 80 288 80 144 0
w 80 144 304 144 0
d 160 288 160 240 1 0.805904783
d 96 240 96 288 1 0.805904783
o 3 64 0 38 10.0 9.765625E-5 0 -1